# PARSEC CMD 3.7 synthetic example
# log_age MH Mini Mass logL logTe logg label Gmag G_BPmag G_RPmag
8.80 0.0 0.70 0.70 -0.10 3.84 4.60 0 6.20 6.90 5.95
8.80 0.0 0.85 0.84 0.00 3.80 4.50 1 5.40 6.05 5.15
8.80 0.0 0.95 0.94 0.12 3.77 4.42 1 4.90 5.55 4.65
8.80 0.0 1.05 1.03 0.24 3.73 4.30 2 4.00 4.70 3.85
8.80 0.0 1.15 1.10 0.38 3.69 4.12 3 3.15 3.90 3.05
8.80 0.0 1.25 1.15 0.52 3.66 3.95 4 2.45 3.20 2.35
8.80 0.0 1.35 1.18 0.65 3.63 3.78 5 1.85 2.65 1.80
8.80 0.0 1.45 1.20 0.78 3.60 3.60 7 1.25 2.10 1.20
